SEED 162605578
6 120
7 100
8 119
10 100
24 119
27 107
35 106
49 109
55 50
60 108
64 106
71 109
77 105
79 106
101 49
103 105
105 108
106 105
114 108
117 108
118 108
119 108
120 108
121 108
122 108
123 108
124 108
129 105
133 108
149 106
152 106
153 106
154 106
155 106
163 109
167 106
183 105
186 108
188 105
189 106
190 105
192 108
201 106
204 106
208 108
216 106
223 108
230 106
247 108
254 106
259 108
265 106
272 108
278 106
283 108
288 106
293 108
297 106
301 108
304 106
307 108
311 106
315 108
323 106
333 108
334 109
336 108
339 109
346 106
348 105
350 108
352 105
356 109
361 108
363 105
364 108
376 55
382 105
383 108
387 109
389 106
394 105
396 106
399 109
400 106
403 105
407 106
408 105
411 108
417 106
425 105
427 106
439 105
441 108
448 109
450 108
452 109
455 108
456 109
461 106
462 109
477 108
480 106
489 108
492 109
496 111
498 106
514 108
528 109
530 106
537 108
543 105
544 106
546 108
547 105
547 108
549 105
551 106
554 106
555 106
556 106
557 106
558 106
559 106
560 106
561 106
562 106
565 105
571 106
573 108
575 109
578 108
580 106
583 105
584 106
587 106
588 106
589 108
595 109
597 106
603 105
605 106
607 109
609 111
611 105
616 108
629 109
643 105
650 108
653 105
654 108
666 105
669 108
670 105
672 106
675 106
681 108
687 106
694 109
696 106
700 109
705 108
707 106
713 105
715 108
717 109
719 108
721 105
726 108
728 105
730 106
737 108
744 106
753 109
762 106
768 108
773 109
775 106
788 120
790 97
792 120
796 97
803 109
809 106
821 106
827 109
828 108
833 106
838 109
853 48
863 109
871 49
878 109
885 50
895 100
916 120
926 100
933 106
938 120
941 100
942 120
942 97
946 100
950 120
953 97
968 120
970 100
979 120
983 100
984 120
989 100
1003 120
1006 100
1007 120
1013 100
1015 119
1022 97
1026 120
1029 100
1030 120
1037 50
1040 97
1045 119
1053 50
1055 97
1060 120
1071 50
1074 97
1078 119
1081 97
1084 119
1085 97
1091 119
1093 100
1100 120
1104 100
1110 119
1111 100
1114 119
1115 100
1120 120
1123 100
1127 119
1130 100
1131 119
1154 109
1155 108
1159 106
1168 109
1172 106
1174 105
1175 106
1192 105
1199 50
1204 106
1206 109
1209 108
1211 109
1213 106
1223 105
1235 49
1242 106
1244 109
1246 108
1248 109
1250 106
1270 105
1273 106
1280 109
1285 106
1286 105
1288 109
1295 105
1301 108
1303 105
1305 108
1311 109
1317 108
1324 108
1328 105
1330 108
1332 109
1334 108
1336 105
1338 106
1338 105
1341 106
1343 105
1344 108
1346 105
1349 106
1349 105
1352 106
1353 105
1354 108
1355 108
1358 105
1358 108
1361 105
1362 108
1370 109
1375 106
1377 105
1379 108
1381 105
1383 106
1385 106
1386 105
1387 106
1394 109
1398 106
1400 109
1404 108
1405 109
1409 106
1413 109
1414 106
1434 109
1449 106
1456 109
1460 106
1461 109
1464 108
1470 109
1472 108
1475 108
1481 109
1484 106
1485 109
1499 50
1508 109
1518 49
1521 108
1526 105
1528 108
1529 105
1547 50
1550 108
1555 109
1558 106
1559 109
1567 49
1570 108
1574 105
1579 108
1583 109
1584 108
1587 105
1589 106
1594 109
1598 106
1604 105
1607 106
1611 109
1614 106
1633 100
1640 120
1642 100
1652 120
1654 97
1663 109
1666 100
1669 109
1673 97
1678 120
1680 100
1682 108
1699 120
1708 100
1711 120
1712 100
1726 119
1728 100
1739 50
1746 120
1751 100
1752 120
1761 119
1763 97
1766 119
1767 97
1769 119
1770 97
1773 120
1775 97
1777 120
1778 97
1796 120
1799 97
1807 119
1818 49
1820 97
1823 119
1824 97
1828 100
1830 120
1836 119
1845 50
1853 119
1857 49
1864 119
1880 48
1884 120
1889 97
1893 120
1901 50
1909 100
1913 120
1918 97
1920 119
1921 100
1922 119
1925 119
1925 100
1927 97
1929 119
1931 100
1932 119
1934 100
1937 120
1944 107
1948 59
1954 107
1958 106
1973 109
1976 108
1977 109
2007 106
2026 105
2030 106
2038 50
2040 106
2045 109
2051 108
2053 109
2054 106
2058 109
2060 108
2061 109
2065 105
2065 108
2107 100
2111 119
2117 100
2140 119
2143 97
2146 100
2150 120
2152 97
2154 119
2155 100
2158 120
2160 97
2184 100
2192 97
2195 119
2198 100
2202 119
2206 100
2227 120
2236 97
2247 100
2250 120
2251 97
2255 119
2256 97
2267 120
2269 97
2271 120
2274 101
2277 119
2282 100
2288 97
2292 100
2294 120
2297 97
2298 120
2301 97
2302 120
2309 100
2321 49
2329 119
2331 97
2342 119
2344 100
2346 97
2350 120
2355 100
2358 97
2362 119
2364 97
2375 120
2377 97
2386 119
2395 100
2403 119
2404 100
2412 97
2413 120
2423 119
2432 97
2434 120
2438 97
2449 49
2456 97
2460 50
2467 119
2469 97
2470 100
2482 100
2484 120
2487 97
2489 100
2492 119
2494 100
2499 120
2502 100
2511 119
2514 100
2516 120
2519 100
2538 97
2550 120
2553 100
2576 120
2582 100
2589 120
2604 49
2612 105
2616 106
2618 108
2624 109
2626 108
2629 109
2644 108
2647 106
2662 108
2675 109
2678 106
2699 109
2704 106
2708 109
2709 106
2713 109
2716 106
2717 109
2730 120
2733 100
2736 120
2738 97
2741 120
2743 100
2744 119
2746 100
2748 97
2750 120
2751 120
2752 100
2753 119
2754 97
2757 120
2758 100
2762 119
2769 100
2778 120
2780 100
2781 120
2785 100
2787 120
2789 100
2791 97
2804 100
2811 97
2817 100
2824 97
2831 100
2837 97
2843 100
2848 97
2850 100
2852 119
2859 100
2861 119
2864 97
2871 100
2872 120
2874 100
2878 119
2880 100
2892 97
2897 97
2910 120
2916 100
2923 97
2930 119
2933 97
2936 100
2940 120
2945 101
2946 119
2950 100
2957 119
2959 97
2959 120
2963 97
2969 120
2971 97
2977 120
2979 101
2981 100
2985 119
2989 100
2995 119
2996 100
3007 120
3011 97
3018 120
3023 119
3027 100
3043 119
3048 97
3058 100
3060 119
3061 97
3063 119
3065 100
3066 119
3077 50
3079 97
3088 119
3092 100
3097 97
3098 119
3101 97
3102 120
3105 97
3110 100
3112 120
3117 100
3118 120
3135 49
3140 100
3163 50
3168 97
3176 100
3178 100
3179 119
3181 100
3194 100
3205 120
3206 97
3212 100
3215 97
3220 100
3228 119
3229 100
3236 119
3238 97
3240 119
3244 97
3246 119
3248 97
3253 119
3255 97
3257 120
3259 97
3262 119
3263 97
3266 100
3273 97
3275 100
3281 120
3284 100
3285 120
3288 100
3290 119
3292 100
3299 97
3306 100
3313 97
3321 120
3323 100
3327 120
3329 100
3345 50
3351 97
3358 120
3381 106
3384 109
3387 106
3392 109
3394 106
3403 108
3409 105
3410 108
3419 109
3422 106
3427 109
3444 120
3448 100
3454 97
3461 100
3475 97
3476 120
3478 97
3480 120
3483 97
3485 119
3487 97
3490 120
3497 97
3498 119
3505 100
3507 120
3513 97
3518 119
3525 50
3529 120
3536 100
3554 119
3571 109
3575 108
3583 109
3595 120
3606 119
3607 97
3614 100
3617 119
3622 100
3623 119
3630 120
3665 97
3677 108
3681 100
3686 119
3703 120
3716 97
3724 120
3728 100
3736 97
3739 100
3743 97
3745 100
3747 97
3749 100
3752 97
3755 100
3758 97
3760 119
3765 120
3782 119
3783 100
3786 119
3787 100
3791 119
3796 100
3798 97
3802 100
3810 120
3815 100
3827 120
3835 97
3837 100
3840 119
3845 97
3849 119
3851 97
3858 100
3860 120
3863 97
3866 119
3868 97
3872 119
3877 97
3893 120
3897 97
3911 119
3914 97
3920 100
3926 120
3929 100
3942 119
3946 100
3961 120
3965 100
3977 120
3985 97
3988 100
3990 120
4000 100
4001 120
4012 101
4014 100
4032 120
4034 97
4043 120
4048 97
4050 119
4055 97
4064 100
4085 106
4087 105
4089 106
4130 120
4138 100
4142 119
4147 97
4150 119
4152 97
4165 119
4170 97
4187 120
4192 97
4203 120
4208 97
4216 120
4218 119
4221 100
4227 119
4231 100
4234 119
4236 100
4246 119
4250 100
4267 120
4272 100
4285 120
4292 97
4294 119
4298 97
4314 120
4322 108
4324 109
4326 108
4331 105
4349 109
4366 108
4378 106
4394 108
4416 106
4427 108
4441 109
4445 108
4458 109
4465 106
4468 105
4472 106
4486 109
4492 97
4495 106
4512 120
4517 100
4519 120
4526 50
4534 120
4536 97
4537 120
4539 100
4540 120
4543 50
4548 100
4555 120
4561 119
4563 100
4565 120
4568 100
4569 120
4572 50
4575 100
4580 120
4580 97
4590 120
4592 97
4598 120
4601 50
4608 100
4611 120
4613 97
4615 120
4621 97
4626 100
4631 119
4635 97
4639 119
4640 100
4643 119
4648 100
4659 119
4671 97
4675 119
4681 100
4686 97
4687 119
4694 100
4696 120
4697 97
4699 100
4705 119
4707 97
4708 120
4711 97
4713 120
4716 100
4717 120
4722 100
4726 119
4728 97
4729 120
4732 97
4735 120
4737 97
4741 120
4742 97
4745 119
4747 97
4751 100
4758 120
4760 100
4761 119
4763 100
4778 120
4779 100
4781 119
4785 120
4797 100
4798 120
4805 100
4808 97
4811 120
4814 100
4815 120
4821 50
4826 100
4833 97
4837 120
4848 119
4850 100
4856 119
4860 100
4875 119
4878 100
4879 119
4888 49
4893 50
4898 119
4902 100
4906 97
4909 120
4915 97
4922 100
4934 120
4936 97
4939 120
4943 50
4950 120
4970 49
4975 100
4979 119
4981 97
4985 119
4988 97
4996 119
4997 97
5000 119
5001 97
5003 120
5011 106
5020 109
5024 106
5027 109
5034 105
5036 106
5039 109
5042 106
5045 105
5047 106
5049 109
5052 106
5060 108
5061 109
5063 108
5066 106
5074 109
5080 97
5083 119
5085 97
5088 120
5091 97
5094 119
5095 97
5098 119
5098 97
5101 119
5102 97
5104 120
5107 97
5111 119
5115 120
5120 100
5121 120
5122 97
5125 120
5126 97
5131 120
5133 97
5140 120
5142 97
5146 120
5149 106
5156 109
END 5159
