SEED 171223359
12 97
24 106
38 109
44 50
50 108
57 106
68 109
101 108
107 106
110 105
119 106
122 109
127 106
158 49
160 108
164 106
168 108
185 109
194 100
228 105
236 106
240 105
242 106
251 111
256 108
259 109
272 105
281 106
298 105
300 108
301 105
306 108
307 105
310 108
322 106
324 108
326 109
329 108
331 109
339 106
343 105
344 108
346 105
355 109
358 108
360 105
365 109
368 105
371 109
374 108
386 55
391 105
392 108
397 109
399 106
404 105
405 106
410 105
415 106
418 105
420 105
421 108
430 106
431 105
434 108
438 106
441 109
442 108
449 106
457 105
460 106
462 105
465 109
473 108
483 109
485 106
498 105
508 109
512 106
512 105
513 106
516 105
517 106
528 108
539 109
543 108
557 109
559 106
567 109
571 108
580 109
590 49
601 109
606 50
619 120
621 97
626 120
629 97
630 120
650 49
667 120
678 49
683 120
687 49
695 120
701 50
707 100
714 120
717 100
721 120
722 100
736 97
740 100
743 97
745 100
749 97
752 120
754 97
757 120
762 100
766 120
769 97
771 120
773 97
788 100
792 119
793 100
796 119
798 100
800 119
801 97
803 119
805 100
806 119
808 119
809 97
812 119
815 100
817 119
820 100
824 120
825 100
850 97
934 100
948 119
951 100
952 119
955 97
966 120
968 97
971 120
974 100
992 49
996 97
1006 120
1008 97
1011 119
1014 100
1016 120
1019 100
1025 119
1027 97
1030 119
1033 100
1035 119
1036 97
1044 120
1047 97
1048 120
1051 97
1052 120
1057 100
1060 120
1063 97
1065 120
1067 97
1069 120
1071 97
1074 106
1090 100
1092 120
1097 119
1100 100
1108 120
1113 100
1121 97
1123 100
1132 119
1137 120
1140 97
1146 100
1148 120
1150 100
1164 120
1170 100
1172 119
1178 97
1181 120
1195 50
1198 97
1203 119
1214 49
1218 50
1225 120
1228 119
1239 120
1241 97
1265 109
1267 108
1270 105
1271 108
1273 106
1281 108
1285 106
1290 109
1292 108
1298 109
1301 108
1302 109
1307 106
1309 105
1312 108
1313 105
1316 108
1317 105
1318 106
1321 105
1322 106
1331 109
1333 108
1334 109
1336 106
1355 105
1360 50
1367 106
1369 109
1371 108
1373 109
1375 106
1385 105
1391 50
1398 105
1401 49
1403 105
1405 108
1408 109
1411 106
1414 109
1415 106
1419 109
1420 106
1439 105
1441 106
1444 105
1446 108
1448 105
1451 106
1458 109
1462 106
1463 109
1469 108
1471 105
1474 106
1477 105
1480 108
1481 105
1483 108
1486 109
1487 108
1492 109
1511 100
1512 120
1522 50
1525 97
1529 119
1533 97
1543 120
1547 100
1560 119
1563 100
1564 119
1566 100
1572 120
1574 97
1575 120
1577 100
1581 119
1584 100
1585 119
1590 100
1592 119
1594 100
1596 119
1597 97
1600 119
1601 100
1603 119
1605 97
1608 119
1612 100
1613 119
1615 100
1618 119
1622 97
1630 119
1638 50
1647 119
1658 49
1665 108
1673 105
1676 108
1678 105
1693 120
1698 119
1700 100
1713 120
1718 100
1723 120
1728 100
1741 120
1743 97
1745 120
1749 100
1752 120
1758 106
1772 109
1778 108
1790 106
1794 106
1806 109
1810 106
1825 109
1827 106
1830 109
1834 108
1838 109
1841 106
1843 109
1845 106
1847 97
1865 120
1867 100
1877 120
1882 100
1896 120
1901 100
1902 120
1926 100
1940 97
1943 119
1948 120
1952 100
1953 119
1960 100
1964 120
1981 49
1985 100
1991 119
2008 49
2017 119
2020 50
2024 100
2027 120
2029 97
2031 100
2034 120
2042 49
2045 100
2049 119
2053 100
2061 119
2062 97
2067 120
2072 97
2084 109
2088 106
2093 109
2098 106
2122 109
2128 108
2130 109
2133 106
2134 108
2140 106
2142 108
2144 109
2149 106
2150 109
2153 106
2156 105
2157 106
2168 119
2172 100
2173 119
2176 97
2179 120
2182 97
2183 120
2186 97
2195 119
2196 97
2207 108
2210 100
2216 97
2222 106
2225 109
2229 100
2234 109
2236 106
2239 106
2242 97
2253 120
2256 100
2260 108
2279 120
2289 100
2299 119
2300 100
2306 50
2313 120
2318 100
2319 120
2325 119
2328 100
2331 97
2335 120
2339 97
2349 49
2361 97
2368 50
2379 119
2381 100
2392 119
2394 97
2397 100
2402 120
2406 97
2408 100
2411 119
2413 100
2418 120
2421 100
2430 119
2434 100
2462 120
2477 100
2480 97
2482 119
2482 100
2485 119
2488 97
2491 100
2494 120
2496 97
2499 119
2502 97
2505 100
2507 120
END 2511
