SEED 160566796
54 63
62 68
78 65
81 68
84 65
88 68
96 88
99 65
102 87
122 74
136 77
148 50
153 76
167 74
222 77
225 74
229 77
230 74
268 49
271 76
273 73
277 76
279 73
282 74
283 73
286 74
299 76
311 74
320 76
340 74
350 77
352 76
363 77
371 74
374 73
380 76
384 73
386 74
390 76
393 77
397 76
406 77
407 76
419 55
424 73
425 76
430 77
433 74
438 73
441 74
444 77
445 74
452 76
456 73
460 74
462 73
465 76
473 77
478 74
482 77
487 74
492 73
495 76
498 77
500 76
503 77
504 76
512 73
516 74
521 73
522 76
525 73
528 74
534 76
536 77
542 73
543 73
546 76
553 74
562 76
565 73
565 74
568 73
570 76
585 74
590 77
591 74
601 76
609 74
616 76
623 74
630 76
636 74
644 73
650 77
658 76
668 77
672 74
673 73
686 76
687 73
689 74
702 73
708 74
711 76
743 74
755 76
766 77
772 76
816 74
835 76
838 77
840 74
843 77
848 76
852 77
867 49
879 50
890 77
912 74
927 88
930 65
932 88
935 65
936 88
996 50
1003 65
1009 68
1020 88
1023 68
1027 88
1028 68
1040 88
1040 65
1042 65
1043 68
1045 88
1048 68
1049 88
1050 65
1054 88
1054 65
1057 88
1058 65
1061 88
1065 68
1069 88
1072 65
1092 88
1098 68
1108 88
1114 68
1129 88
1138 68
1139 87
1145 88
1149 68
1151 87
1156 88
1160 65
1161 87
1169 65
1175 88
1179 68
1181 88
1186 65
1187 88
1237 49
1253 83
1263 88
1269 50
1274 65
1278 87
1282 65
1283 87
1303 50
1312 88
1314 65
1342 77
1344 74
1347 73
1348 76
1357 77
1360 74
1362 77
1365 74
1367 77
1369 76
1370 77
1375 74
1377 73
1380 74
1381 76
1383 73
1384 73
1386 76
1387 73
1388 74
1391 73
1392 74
1400 77
1403 74
1405 73
1407 74
1424 73
1471 50
1476 74
1479 77
1482 76
1485 77
1487 74
1497 73
1522 50
1535 73
1543 49
1549 74
1551 77
1554 76
1556 77
1558 74
1578 73
1581 74
1586 77
1588 74
1591 77
1593 73
1597 77
1604 73
1609 76
1617 77
1650 68
1652 65
1655 68
1658 65
1661 88
1664 68
1665 88
1681 50
1685 65
1689 87
1693 65
1703 88
1707 68
1730 65
1732 87
1735 68
1741 88
1744 65
1745 88
1748 68
1752 87
1754 68
1756 87
1760 65
1761 87
1765 68
1773 88
1779 68
1784 65
1786 68
1791 88
1795 68
1796 88
1834 50
1854 88
1860 51
1866 88
1879 49
1883 68
1889 87
1933 50
1938 68
1942 88
1958 49
1961 68
1965 87
1968 68
1971 87
1972 68
1978 88
1978 65
1982 68
1986 87
1987 65
1994 88
1998 65
2003 87
2005 65
2006 87
2009 65
2013 88
2017 65
2023 87
2028 65
2030 88
2032 65
2039 68
2047 88
2065 88
2066 88
2069 68
2070 88
2089 76
2104 77
2111 76
2113 77
2125 74
2128 77
2136 73
2141 76
2147 77
2149 76
2160 77
2164 74
2178 76
2179 77
2184 87
2185 65
2193 88
2232 88
2242 68
2250 87
2252 68
2275 50
2282 88
2372 68
2373 88
2381 65
2384 88
2386 76
2390 77
2392 76
2393 73
2396 77
2407 74
2409 73
2410 74
2416 76
2418 73
2420 74
2466 50
2473 77
2481 74
2482 77
2541 87
2543 65
2546 87
2548 65
2553 88
END 2563
